15000.0 0.0 
15000.0 0.0 
15000.0 0.0 
0.8332784742275872 62.54113382129186 
0.35451912897788024 68.67040231885488 
15000.0 0.0 
15000.0 0.0 
15000.0 0.0 
15000.0 0.0 
15000.0 0.0 
15000.0 0.0 
15000.0 0.0 
0.9657989832410703 61.11958593339059 
1.0914784098489858 60.39954622792861 
15000.0 0.0 
15000.0 0.0 
2168.6440567141544 20.43181818181818 
15000.0 0.0 
0.3027238834724394 83.10012555366916 
0.33623750457452134 70.92853136663798 
3.188433384034982 35.73526993241999 
4.957282410487394 29.712530998659513 
15000.0 0.0 
0.4557022279258157 65.71766263216112 
0.30614398347233607 81.65875372330582 
15000.0 0.0 
15000.0 0.0 
1.286368406695879 47.01246296148508 
15000.0 0.0 
0.2514617905693772 85.39767487076229 
15000.0 0.0 
0.3184405284110751 75.02113958444173 
